0.00 1.00 4116231.50 664971.00 -0.39 0.50 19.50 1 4.00 6.00 1.00 1.00
0.00 1.00 4116214.00 664988.50 -0.93 0.49 22.75 1 4.00 6.00 1.00 2.00
0.00 1.00 4116196.50 664971.00 -0.94 0.56 23.25 1 4.00 6.00 1.00 3.00
0.00 1.00 4116214.00 664953.50 -0.97 0.54 21.50 1 4.00 6.00 1.00 4.00
0.00 0.00 4116256.50 664820.00 0.99 0.67 21.25 1 2.00 3.00 1.00 5.00
0.00 0.00 4116239.00 664837.50 0.93 0.68 19.50 1 2.00 3.00 1.00 6.00
0.00 1.00 4116221.50 664820.00 0.49 0.59 24.00 1 2.00 3.00 1.00 7.00
0.00 0.00 4116239.00 664802.50 0.97 0.55 29.00 1 2.00 3.00 1.00 8.00
0.00 1.00 4116373.50 664846.00 0.14 0.78 3.25 1 2.00 2.00 1.00 9.00
0.00 1.00 4116356.00 664863.50 -0.28 0.78 0.50 1 2.00 1.00 1.00 10.00
0.00 1.00 4116338.50 664846.00 -0.22 0.78 1.50 1 2.00 1.00 1.00 11.00
0.00 0.00 4116356.00 664828.50 0.44 0.77 5.00 1 2.00 2.00 1.00 12.00
0.00 0.00 4116092.50 665092.00 0.45 0.54 19.00 1 4.00 5.00 1.00 13.00
0.00 0.00 4116075.00 665109.50 0.44 0.49 24.50 1 4.00 5.00 1.00 14.00
0.00 1.00 4116057.50 665092.00 0.45 0.44 26.50 1 4.00 5.00 1.00 15.00
0.00 0.00 4116075.00 665074.50 0.37 0.51 20.50 1 4.00 5.00 1.00 16.00
0.00 1.00 4116089.50 665385.00 0.03 0.43 13.00 1 4.00 6.00 1.00 17.00
0.00 1.00 4116072.00 665402.50 0.01 0.49 17.50 1 4.00 6.00 1.00 18.00
0.00 1.00 4116054.50 665385.00 0.20 0.50 17.75 1 4.00 5.00 1.00 19.00
0.00 1.00 4116072.00 665367.50 0.19 0.42 14.25 1 4.00 5.00 1.00 20.00
0.00 1.00 4116159.50 665247.00 -0.10 0.44 22.75 1 4.00 6.00 1.00 21.00
0.00 1.00 4116142.00 665264.50 8.726203e-03 0.31 25.00 1 4.00 6.00 1.00 22.00
0.00 1.00 4116124.50 665247.00 0.03 0.31 24.75 1 4.00 6.00 1.00 23.00
0.00 1.00 4116142.00 665229.50 -0.06 0.45 26.00 1 4.00 6.00 1.00 24.00
0.00 1.00 4116282.50 665265.00 -0.66 0.47 1.25 1 4.00 9.00 1.00 25.00
1.00 1.00 4116265.00 665282.50 -0.39 0.47 3.00 1 4.00 9.00 1.00 26.00
0.00 1.00 4116247.50 665265.00 -0.62 0.48 3.50 1 4.00 9.00 1.00 27.00
0.00 1.00 4116265.00 665247.50 -0.50 0.48 3.00 1 4.00 9.00 1.00 28.00
0.00 1.00 4116254.50 665551.00 -0.57 0.20 20.00 0 4.00 6.00 1.00 29.00
0.00 1.00 4116237.00 665568.50 -0.56 0.25 19.00 0 4.00 6.00 1.00 30.00
0.00 1.00 4116219.50 665551.00 -0.52 0.29 16.75 1 4.00 6.00 1.00 31.00
0.00 1.00 4116237.00 665533.50 -0.56 0.23 18.00 0 4.00 6.00 1.00 32.00
0.00 1.00 4116193.50 665893.00 -0.80 0.14 12.75 0 4.00 6.00 1.00 33.00
0.00 1.00 4116176.00 665910.50 -0.87 0.17 12.50 0 4.00 9.00 1.00 34.00
0.00 1.00 4116158.50 665893.00 -0.87 0.21 14.00 0 4.00 9.00 1.00 35.00
0.00 1.00 4116176.00 665875.50 -0.81 0.18 14.50 0 4.00 9.00 1.00 36.00
1.00 1.00 4116375.50 665801.00 0.99 0.31 14.00 1 4.00 5.00 1.00 37.00
0.00 1.00 4116358.00 665818.50 0.95 0.31 14.75 1 4.00 9.00 1.00 38.00
0.00 1.00 4116340.50 665801.00 0.98 0.25 17.75 0 4.00 5.00 1.00 39.00
1.00 1.00 4116358.00 665783.50 0.99 0.27 15.25 1 4.00 5.00 1.00 40.00
1.00 1.00 4115924.50 665275.00 -0.87 0.53 23.25 1 4.00 6.00 1.00 41.00
0.00 1.00 4115907.00 665292.50 -0.93 0.54 26.00 1 4.00 4.00 1.00 42.00
0.00 1.00 4115889.50 665275.00 -0.64 0.62 17.75 1 4.00 4.00 1.00 43.00
0.00 1.00 4115907.00 665257.50 -0.28 0.56 19.75 1 4.00 6.00 1.00 44.00
0.00 1.00 4115731.50 665172.00 0.98 0.66 19.00 1 4.00 3.00 1.00 45.00
0.00 0.00 4115714.00 665189.50 0.89 0.63 19.00 1 4.00 3.00 1.00 46.00
0.00 1.00 4115696.50 665172.00 0.96 0.58 22.50 1 4.00 3.00 1.00 47.00
0.00 1.00 4115714.00 665154.50 0.97 0.57 22.50 1 4.00 3.00 1.00 48.00
0.00 0.00 4115672.50 665341.00 0.29 0.68 9.75 1 4.00 2.00 1.00 49.00
0.00 1.00 4115655.00 665358.50 -0.32 0.64 15.00 1 4.00 3.00 1.00 50.00
0.00 0.00 4115637.50 665341.00 0.58 0.64 12.50 1 4.00 2.00 1.00 51.00
0.00 1.00 4115655.00 665323.50 0.77 0.67 11.00 1 4.00 2.00 1.00 52.00
1.00 1.00 4115931.50 665559.00 -0.98 0.47 22.25 1 4.00 6.00 1.00 53.00
0.00 1.00 4115914.00 665576.50 -0.35 0.54 24.50 1 4.00 4.00 1.00 54.00
0.00 1.00 4115896.50 665559.00 -0.87 0.56 21.75 1 4.00 4.00 1.00 55.00
0.00 1.00 4115914.00 665541.50 -0.99 0.59 22.25 1 4.00 4.00 1.00 56.00
0.00 1.00 4115815.50 665775.00 -0.84 0.45 15.00 1 4.00 6.00 1.00 57.00
0.00 1.00 4115798.00 665792.50 -0.97 0.48 20.00 1 4.00 4.00 1.00 58.00
0.00 1.00 4115780.50 665775.00 -0.87 0.55 18.00 1 4.00 4.00 1.00 59.00
0.00 1.00 4115798.00 665757.50 -0.37 0.49 19.50 1 4.00 4.00 1.00 60.00
0.00 1.00 4115971.50 665762.00 -0.11 0.42 22.00 1 4.00 6.00 1.00 61.00
1.00 1.00 4115954.00 665779.50 -0.01 0.30 28.25 1 4.00 6.00 1.00 62.00
0.00 1.00 4115936.50 665762.00 -0.09 0.32 28.50 1 4.00 6.00 1.00 63.00
0.00 1.00 4115954.00 665744.50 -0.10 0.41 25.75 1 4.00 6.00 1.00 64.00
0.00 1.00 4115748.50 666079.00 -0.95 0.54 6.50 1 4.00 2.00 1.00 65.00
0.00 1.00 4115731.00 666096.50 0.07 0.53 6.75 1 4.00 2.00 1.00 66.00
0.00 1.00 4115713.50 666079.00 0.14 0.53 9.50 1 4.00 2.00 1.00 67.00
0.00 1.00 4115731.00 666061.50 -0.24 0.56 5.50 1 4.00 2.00 1.00 68.00
0.00 1.00 4115895.50 665401.00 -0.41 0.77 6.00 1 4.00 2.00 1.00 69.00
0.00 1.00 4115878.00 665418.50 -0.73 0.78 5.75 1 4.00 2.00 1.00 70.00
0.00 1.00 4115860.50 665401.00 -0.44 0.79 8.00 1 4.00 2.00 1.00 71.00
0.00 1.00 4115878.00 665383.50 -0.14 0.77 6.75 1 4.00 2.00 1.00 72.00
0.00 0.00 4115609.50 666082.00 0.69 0.31 16.00 1 4.00 5.00 1.00 73.00
0.00 1.00 4115592.00 666099.50 0.69 0.25 19.50 1 4.00 5.00 1.00 74.00
0.00 1.00 4115574.50 666082.00 0.71 0.17 16.00 1 4.00 5.00 1.00 75.00
0.00 0.00 4115592.00 666064.50 0.80 0.24 22.50 1 4.00 5.00 1.00 76.00
1.00 1.00 4115464.50 666035.00 -0.61 0.24 16.50 1 4.00 6.00 1.00 77.00
1.00 1.00 4115447.00 666052.50 -0.96 0.22 8.00 1 4.00 6.00 1.00 78.00
0.00 1.00 4115429.50 666035.00 -0.97 0.26 12.25 1 4.00 6.00 1.00 79.00
0.00 1.00 4115447.00 666017.50 -0.57 0.29 12.75 1 4.00 6.00 1.00 80.00
0.00 0.00 4115653.50 665641.00 0.99 0.53 19.25 1 4.00 3.00 1.00 81.00
0.00 1.00 4115636.00 665658.50 0.88 0.53 20.50 1 4.00 3.00 1.00 82.00
0.00 1.00 4115618.50 665641.00 0.98 0.45 19.75 1 4.00 3.00 1.00 83.00
0.00 1.00 4115636.00 665623.50 0.99 0.47 22.50 1 4.00 3.00 1.00 84.00
1.00 1.00 4115576.50 665852.00 -0.54 0.45 20.00 1 4.00 4.00 1.00 85.00
1.00 1.00 4115559.00 665869.50 -0.74 0.39 16.75 1 4.00 6.00 1.00 86.00
0.00 1.00 4115541.50 665852.00 -0.87 0.43 13.00 1 4.00 4.00 1.00 87.00
0.00 1.00 4115559.00 665834.50 -0.54 0.48 21.75 1 4.00 4.00 1.00 88.00
0.00 1.00 4115494.50 665658.00 0.62 0.64 8.75 1 4.00 2.00 1.00 89.00
0.00 1.00 4115477.00 665675.50 0.58 0.67 3.75 1 4.00 2.00 1.00 90.00
0.00 1.00 4115459.50 665658.00 0.74 0.65 6.75 1 4.00 2.00 1.00 91.00
0.00 1.00 4115477.00 665640.50 0.45 0.61 13.25 1 4.00 2.00 1.00 92.00
0.00 1.00 4115333.50 665775.00 0.48 0.60 6.50 1 4.00 2.00 1.00 93.00
0.00 1.00 4115316.00 665792.50 0.12 0.57 9.00 1 4.00 2.00 1.00 94.00
0.00 1.00 4115298.50 665775.00 0.19 0.57 7.00 1 4.00 2.00 1.00 95.00
0.00 0.00 4115316.00 665757.50 0.89 0.59 5.50 1 4.00 2.00 1.00 96.00
0.00 1.00 4115246.50 665923.00 0.99 0.35 24.00 1 4.00 3.00 1.00 97.00
0.00 1.00 4115229.00 665940.50 0.98 0.32 19.75 1 4.00 3.00 1.00 98.00
0.00 1.00 4115211.50 665923.00 0.97 0.26 15.50 1 4.00 5.00 1.00 99.00
0.00 1.00 4115229.00 665905.50 0.99 0.26 17.75 1 4.00 5.00 1.00 100.00
0.00 1.00 4116111.50 666481.00 0.78 0.10 16.50 0 4.00 5.00 1.00 101.00
0.00 1.00 4116094.00 666498.50 0.72 0.05 16.25 0 4.00 9.00 1.00 102.00
0.00 1.00 4116076.50 666481.00 0.78 0.02 15.75 0 4.00 5.00 1.00 103.00
1.00 1.00 4116094.00 666463.50 0.82 0.04 16.00 0 4.00 5.00 1.00 104.00
0.00 1.00 4116224.50 666238.00 0.99 0.10 19.25 0 4.00 5.00 1.00 105.00
0.00 1.00 4116207.00 666255.50 0.99 0.13 24.25 0 4.00 5.00 1.00 106.00
1.00 1.00 4116189.50 666238.00 0.99 0.03 13.75 0 4.00 5.00 1.00 107.00
1.00 1.00 4116207.00 666220.50 0.83 0.05 14.25 0 4.00 5.00 1.00 108.00
0.00 1.00 4116130.50 666128.00 -0.96 0.19 16.50 0 4.00 6.00 1.00 109.00
1.00 1.00 4116113.00 666145.50 -0.99 0.20 13.00 1 4.00 6.00 1.00 110.00
1.00 1.00 4116095.50 666128.00 -0.99 0.24 12.00 1 4.00 9.00 1.00 111.00
1.00 1.00 4116113.00 666110.50 -0.96 0.24 13.25 1 4.00 6.00 1.00 112.00
0.00 1.00 4115953.50 666276.00 -0.33 0.11 19.50 0 4.00 8.00 1.00 113.00
0.00 1.00 4115936.00 666293.50 -0.44 0.17 16.50 1 4.00 6.00 1.00 114.00
0.00 1.00 4115918.50 666276.00 -0.37 0.19 16.50 1 4.00 6.00 1.00 115.00
0.00 1.00 4115936.00 666258.50 -0.38 0.13 20.50 1 4.00 6.00 1.00 116.00
1.00 1.00 4115316.50 666212.00 -0.49 0.37 20.00 1 4.00 6.00 1.00 117.00
0.00 1.00 4115299.00 666229.50 -0.53 0.27 24.25 1 4.00 6.00 1.00 118.00
1.00 1.00 4115281.50 666212.00 -0.69 0.32 24.00 1 4.00 6.00 1.00 119.00
0.00 1.00 4115299.00 666194.50 -0.58 0.40 21.75 1 4.00 6.00 1.00 120.00
0.00 1.00 4115015.50 665985.00 0.72 0.41 22.50 1 4.00 3.00 1.00 121.00
0.00 1.00 4114998.00 666002.50 0.43 0.35 21.50 1 4.00 3.00 1.00 122.00
0.00 1.00 4114980.50 665985.00 0.52 0.31 17.25 1 4.00 3.00 1.00 123.00
0.00 1.00 4114998.00 665967.50 0.89 0.35 17.75 1 4.00 3.00 1.00 124.00
1.00 1.00 4115034.50 666289.00 -0.99 0.38 14.50 1 4.00 6.00 1.00 125.00
1.00 1.00 4115017.00 666306.50 -0.99 0.37 17.00 1 4.00 6.00 1.00 126.00
1.00 1.00 4114999.50 666289.00 -0.99 0.43 10.25 1 4.00 9.00 1.00 127.00
1.00 1.00 4115017.00 666271.50 -0.95 0.42 11.00 1 4.00 9.00 1.00 128.00
0.00 1.00 4114883.50 666273.00 0.99 0.33 21.50 1 4.00 5.00 1.00 129.00
0.00 1.00 4114866.00 666290.50 0.99 0.32 20.00 1 4.00 5.00 1.00 130.00
0.00 0.00 4114848.50 666273.00 0.99 0.26 18.00 1 4.00 5.00 1.00 131.00
0.00 1.00 4114866.00 666255.50 0.99 0.25 16.00 1 4.00 5.00 1.00 132.00
0.00 1.00 4114797.50 666160.00 0.08 0.43 4.50 1 4.00 9.00 1.00 133.00
0.00 1.00 4114780.00 666177.50 0.17 0.41 6.50 1 4.00 9.00 1.00 134.00
0.00 0.00 4114762.50 666160.00 0.74 0.39 12.00 1 4.00 9.00 1.00 135.00
1.00 1.00 4114780.00 666142.50 0.53 0.42 9.00 1 4.00 9.00 1.00 136.00
0.00 1.00 4114630.50 666236.00 0.01 0.07 14.00 1 4.00 12.00 1.00 137.00
0.00 1.00 4114613.00 666253.50 0.07 0.16 16.50 1 4.00 7.00 1.00 138.00
0.00 1.00 4114595.50 666236.00 0.32 0.13 17.00 1 4.00 7.00 1.00 139.00
0.00 1.00 4114613.00 666218.50 0.30 0.06 11.75 1 4.00 7.00 1.00 140.00
1.00 1.00 4114594.50 666093.00 -0.78 0.24 24.50 1 4.00 4.00 1.00 141.00
0.00 1.00 4114577.00 666110.50 -0.76 0.18 20.75 1 4.00 6.00 1.00 142.00
1.00 1.00 4114559.50 666093.00 -0.77 0.25 24.00 1 4.00 6.00 1.00 143.00
1.00 1.00 4114577.00 666075.50 -0.75 0.29 18.75 1 4.00 4.00 1.00 144.00
0.00 1.00 4114682.50 665955.00 0.91 0.24 19.00 1 4.00 3.00 1.00 145.00
0.00 0.00 4114665.00 665972.50 0.94 0.26 18.00 1 4.00 3.00 1.00 146.00
0.00 1.00 4114647.50 665955.00 0.93 0.20 21.00 1 4.00 7.00 1.00 147.00
0.00 1.00 4114665.00 665937.50 0.95 0.15 20.00 1 4.00 7.00 1.00 148.00
0.00 1.00 4115198.50 666176.00 -0.92 0.52 13.50 1 4.00 9.00 1.00 149.00
0.00 1.00 4115181.00 666193.50 -0.72 0.50 10.75 1 4.00 9.00 1.00 150.00
0.00 1.00 4115163.50 666176.00 -0.63 0.53 11.25 1 4.00 9.00 1.00 151.00
1.00 1.00 4115181.00 666158.50 -0.78 0.56 5.50 1 4.00 9.00 1.00 152.00
0.00 1.00 4115054.50 665799.00 0.39 0.24 21.00 1 4.00 5.00 1.00 153.00
0.00 1.00 4115037.00 665816.50 0.40 0.31 15.75 1 4.00 5.00 1.00 154.00
0.00 1.00 4115019.50 665799.00 0.74 0.26 19.00 1 4.00 5.00 1.00 155.00
0.00 1.00 4115037.00 665781.50 0.49 0.18 21.25 1 4.00 5.00 1.00 156.00
0.00 1.00 4114871.50 665834.00 0.28 0.08 11.75 1 4.00 5.00 1.00 157.00
0.00 1.00 4114854.00 665851.50 0.45 0.12 15.75 1 4.00 7.00 1.00 158.00
0.00 1.00 4114836.50 665834.00 0.52 0.10 12.00 1 4.00 5.00 1.00 159.00
0.00 1.00 4114854.00 665816.50 0.33 0.07 7.50 1 4.00 5.00 1.00 160.00
0.00 1.00 4115243.50 665620.00 0.50 0.32 16.00 1 4.00 5.00 1.00 161.00
0.00 1.00 4115226.00 665637.50 0.79 0.36 12.50 1 4.00 5.00 1.00 162.00
0.00 0.00 4115208.50 665620.00 0.92 0.31 15.50 1 4.00 5.00 1.00 163.00
0.00 1.00 4115226.00 665602.50 0.75 0.27 17.00 1 4.00 5.00 1.00 164.00
0.00 1.00 4114940.50 665444.00 -0.03 0.49 10.75 1 4.00 2.00 1.00 165.00
0.00 0.00 4114923.00 665461.50 -0.08 0.44 13.50 1 4.00 2.00 1.00 166.00
0.00 1.00 4114905.50 665444.00 -0.85 0.45 14.50 1 4.00 2.00 1.00 167.00
0.00 1.00 4114923.00 665426.50 -0.55 0.49 11.00 1 4.00 2.00 1.00 168.00
0.00 1.00 4115073.50 665470.00 -0.83 0.36 21.75 1 4.00 6.00 1.00 169.00
0.00 1.00 4115056.00 665487.50 -0.68 0.27 26.00 1 4.00 6.00 1.00 170.00
1.00 1.00 4115038.50 665470.00 -0.81 0.37 23.50 1 4.00 6.00 1.00 171.00
1.00 1.00 4115056.00 665452.50 -0.76 0.42 18.00 1 4.00 6.00 1.00 172.00
0.00 1.00 4114769.50 665550.00 -0.50 0.42 1.00 1 4.00 1.00 1.00 173.00
0.00 1.00 4114752.00 665567.50 -0.34 0.42 1.00 1 4.00 1.00 1.00 174.00
0.00 1.00 4114734.50 665550.00 0.99 0.41 7.50 1 4.00 2.00 1.00 175.00
0.00 0.00 4114752.00 665532.50 0.99 0.42 4.50 1 4.00 2.00 1.00 176.00
0.00 1.00 4114646.50 665763.00 -0.82 0.08 20.50 1 4.00 6.00 1.00 177.00
0.00 1.00 4114629.00 665780.50 -0.80 0.04 15.25 1 4.00 6.00 1.00 178.00
1.00 1.00 4114611.50 665763.00 -0.57 0.09 19.50 1 4.00 6.00 1.00 179.00
1.00 0.00 4114629.00 665745.50 -0.74 0.14 19.00 1 4.00 6.00 1.00 180.00
0.00 0.00 4114605.50 665662.00 0.83 0.18 23.00 1 4.00 5.00 1.00 181.00
0.00 0.00 4114588.00 665679.50 0.76 0.13 22.00 1 4.00 5.00 1.00 182.00
0.00 0.00 4114570.50 665662.00 0.73 0.05 21.50 1 4.00 5.00 1.00 183.00
0.00 1.00 4114588.00 665644.50 0.76 0.11 19.25 1 4.00 5.00 1.00 184.00
1.00 1.00 4114519.50 665518.00 -0.96 6.756757e-03 8.25 0 2.00 6.00 1.00 185.00
0.00 1.00 4114502.00 665535.50 -0.90 0.02 13.75 0 2.00 6.00 1.00 186.00
0.00 1.00 4114484.50 665518.00 -0.82 0.09 20.00 0 2.00 6.00 1.00 187.00
0.00 1.00 4114502.00 665500.50 -0.86 0.05 13.50 0 2.00 6.00 1.00 188.00
0.00 1.00 4114451.50 665586.00 -0.97 0.12 18.25 1 2.00 9.00 1.00 189.00
0.00 1.00 4114434.00 665603.50 -0.82 0.11 11.50 1 2.00 9.00 1.00 190.00
0.00 1.00 4114416.50 665586.00 -0.49 0.15 11.75 1 2.00 9.00 1.00 191.00
0.00 1.00 4114434.00 665568.50 -0.74 0.18 9.75 1 2.00 9.00 1.00 192.00
0.00 0.00 4114757.50 665294.00 0.96 0.22 21.75 1 4.00 5.00 1.00 193.00
0.00 0.00 4114740.00 665311.50 0.92 0.17 18.25 1 4.00 5.00 1.00 194.00
0.00 1.00 4114722.50 665294.00 0.94 0.12 7.75 1 4.00 5.00 1.00 195.00
0.00 1.00 4114740.00 665276.50 0.99 0.13 12.50 1 4.00 5.00 1.00 196.00
0.00 0.00 4114913.50 665209.00 0.97 0.42 21.75 1 4.00 3.00 1.00 197.00
0.00 0.00 4114896.00 665226.50 0.99 0.44 22.50 1 4.00 3.00 1.00 198.00
0.00 0.00 4114878.50 665209.00 0.99 0.36 20.50 1 4.00 5.00 1.00 199.00
0.00 0.00 4114896.00 665191.50 0.96 0.33 21.50 1 4.00 5.00 1.00 200.00
0.00 1.00 4115036.50 665254.00 -0.96 0.63 2.50 1 4.00 1.00 1.00 201.00
0.00 0.00 4115019.00 665271.50 -0.65 0.63 1.00 1 4.00 1.00 1.00 202.00
0.00 0.00 4115001.50 665254.00 0.63 0.63 2.00 1 4.00 1.00 1.00 203.00
0.00 0.00 4115019.00 665236.50 0.91 0.63 3.25 1 4.00 1.00 1.00 204.00
0.00 1.00 4114913.50 665104.00 -0.70 0.32 26.00 1 4.00 6.00 1.00 205.00
0.00 1.00 4114896.00 665121.50 -0.76 0.28 22.00 1 4.00 6.00 1.00 206.00
0.00 1.00 4114878.50 665104.00 -0.82 0.33 24.75 1 4.00 6.00 1.00 207.00
0.00 1.00 4114896.00 665086.50 -0.73 0.41 26.50 1 4.00 6.00 1.00 208.00
0.00 1.00 4115085.50 665044.00 -0.76 0.56 18.00 1 4.00 4.00 1.00 209.00
0.00 1.00 4115068.00 665061.50 -0.81 0.54 17.50 1 4.00 4.00 1.00 210.00
0.00 1.00 4115050.50 665044.00 -0.52 0.56 14.00 1 4.00 4.00 1.00 211.00
0.00 1.00 4115068.00 665026.50 -0.61 0.61 17.00 1 4.00 4.00 1.00 212.00
0.00 0.00 4115290.50 664878.00 0.99 0.69 21.75 1 4.00 3.00 1.00 213.00
0.00 0.00 4115273.00 664895.50 0.97 0.69 22.50 1 4.00 3.00 1.00 214.00
0.00 0.00 4115255.50 664878.00 0.90 0.60 17.00 1 4.00 3.00 1.00 215.00
0.00 1.00 4115273.00 664860.50 0.99 0.59 19.25 1 4.00 3.00 1.00 216.00
0.00 1.00 4115410.50 665027.00 -0.98 0.60 14.25 1 4.00 4.00 1.00 217.00
0.00 1.00 4115393.00 665044.50 -0.51 0.64 16.50 1 4.00 4.00 1.00 218.00
0.00 1.00 4115375.50 665027.00 -0.74 0.67 16.50 1 4.00 4.00 1.00 219.00
0.00 1.00 4115393.00 665009.50 -0.98 0.67 15.25 1 4.00 4.00 1.00 220.00
0.00 1.00 4115396.50 665279.00 -0.99 0.39 15.75 1 4.00 9.00 1.00 221.00
0.00 1.00 4115379.00 665296.50 -0.93 0.38 16.00 1 4.00 6.00 1.00 222.00
0.00 1.00 4115361.50 665279.00 -0.86 0.45 15.75 1 4.00 6.00 1.00 223.00
0.00 1.00 4115379.00 665261.50 -0.98 0.46 14.50 1 4.00 9.00 1.00 224.00
0.00 1.00 4115528.50 664808.00 -0.75 0.96 7.75 1 4.00 2.00 1.00 225.00
0.00 1.00 4115511.00 664825.50 -0.59 0.94 7.75 1 4.00 2.00 1.00 226.00
0.00 1.00 4115493.50 664808.00 -0.36 0.95 7.50 1 4.00 2.00 1.00 227.00
0.00 0.00 4115511.00 664790.50 -0.55 0.98 7.25 1 4.00 2.00 1.00 228.00
0.00 1.00 4115706.50 664900.00 -0.91 0.65 19.50 1 4.00 4.00 1.00 229.00
0.00 1.00 4115689.00 664917.50 -0.84 0.63 19.75 1 4.00 4.00 1.00 230.00
0.00 1.00 4115671.50 664900.00 -0.31 0.67 17.50 1 4.00 4.00 1.00 231.00
0.00 1.00 4115689.00 664882.50 -0.81 0.71 16.50 1 4.00 4.00 1.00 232.00
0.00 1.00 4115134.50 664671.00 -0.44 0.71 11.75 1 2.00 2.00 1.00 233.00
0.00 1.00 4115117.00 664688.50 -0.51 0.67 14.25 1 2.00 2.00 1.00 234.00
0.00 0.00 4115099.50 664671.00 0.28 0.68 11.50 1 2.00 2.00 1.00 235.00
0.00 1.00 4115117.00 664653.50 0.05 0.72 12.75 1 2.00 2.00 1.00 236.00
0.00 1.00 4115042.50 664761.00 -0.38 0.48 18.50 1 2.00 6.00 1.00 237.00
0.00 1.00 4115025.00 664778.50 -0.32 0.41 19.00 1 2.00 6.00 1.00 238.00
0.00 0.00 4115007.50 664761.00 0.25 0.42 18.75 1 2.00 5.00 1.00 239.00
0.00 0.00 4115025.00 664743.50 0.26 0.48 18.50 1 2.00 5.00 1.00 240.00
0.00 1.00 4114986.50 664566.00 -0.68 0.47 10.75 1 2.00 4.00 1.00 241.00
0.00 1.00 4114969.00 664583.50 -0.81 0.51 15.75 1 2.00 4.00 1.00 242.00
0.00 1.00 4114951.50 664566.00 -0.76 0.58 17.75 1 2.00 4.00 1.00 243.00
0.00 1.00 4114969.00 664548.50 -0.62 0.50 15.00 1 2.00 4.00 1.00 244.00
0.00 0.00 4115142.50 664417.00 0.87 0.78 25.25 1 2.00 3.00 1.00 245.00
0.00 0.00 4115125.00 664434.50 0.80 0.74 31.50 1 2.00 3.00 1.00 246.00
0.00 0.00 4115107.50 664417.00 0.74 0.64 31.50 1 2.00 3.00 1.00 247.00
0.00 0.00 4115125.00 664399.50 0.83 0.70 24.50 1 2.00 3.00 1.00 248.00
0.00 1.00 4115087.50 664247.00 -0.85 0.73 26.25 1 2.00 4.00 1.00 249.00
0.00 1.00 4115070.00 664264.50 -0.80 0.81 27.50 1 2.00 4.00 1.00 250.00
0.00 0.00 4115052.50 664247.00 -0.84 0.90 15.75 1 2.00 4.00 1.00 251.00
0.00 1.00 4115070.00 664229.50 -0.91 0.85 24.50 1 2.00 4.00 1.00 252.00
0.00 0.00 4114790.50 664546.00 0.52 0.54 27.00 1 2.00 3.00 1.00 253.00
0.00 1.00 4114773.00 664563.50 0.48 0.43 22.50 1 2.00 3.00 1.00 254.00
0.00 1.00 4114755.50 664546.00 -0.37 0.42 10.00 1 2.00 4.00 1.00 255.00
0.00 0.00 4114773.00 664528.50 0.57 0.46 20.00 1 2.00 3.00 1.00 256.00
0.00 0.00 4114842.50 664702.00 0.23 0.46 20.50 1 2.00 3.00 1.00 257.00
0.00 1.00 4114825.00 664719.50 0.30 0.36 31.50 1 2.00 5.00 1.00 258.00
0.00 1.00 4114807.50 664702.00 0.13 0.34 26.00 1 2.00 5.00 1.00 259.00
0.00 0.00 4114825.00 664684.50 0.39 0.44 26.50 1 2.00 5.00 1.00 260.00
0.00 1.00 4114640.50 664789.00 -0.99 0.55 8.25 1 2.00 2.00 1.00 261.00
0.00 1.00 4114623.00 664806.50 -0.89 0.54 8.00 1 2.00 2.00 1.00 262.00
0.00 1.00 4114605.50 664789.00 -0.71 0.56 3.50 1 2.00 2.00 1.00 263.00
0.00 1.00 4114623.00 664771.50 -0.92 0.56 2.00 1 2.00 2.00 1.00 264.00
0.00 1.00 4114762.50 664972.00 0.92 0.24 15.00 1 4.00 5.00 1.00 265.00
0.00 1.00 4114745.00 664989.50 0.86 0.22 18.50 1 4.00 5.00 1.00 266.00
0.00 1.00 4114727.50 664972.00 0.90 0.17 11.50 0 2.00 5.00 1.00 267.00
0.00 1.00 4114745.00 664954.50 0.93 0.18 16.50 0 2.00 5.00 1.00 268.00
0.00 1.00 4114603.50 665099.00 -0.83 0.18 12.75 0 2.00 6.00 1.00 269.00
0.00 1.00 4114586.00 665116.50 -0.86 0.20 12.25 1 2.00 9.00 1.00 270.00
0.00 1.00 4114568.50 665099.00 -0.93 0.25 18.75 1 2.00 6.00 1.00 271.00
1.00 1.00 4114586.00 665081.50 -0.83 0.22 21.00 1 2.00 6.00 1.00 272.00
0.00 1.00 4114468.50 665033.00 -0.90 0.49 7.50 1 2.00 2.00 1.00 273.00
0.00 1.00 4114451.00 665050.50 -0.95 0.50 7.50 1 2.00 2.00 1.00 274.00
0.00 0.00 4114433.50 665033.00 -0.82 0.52 6.00 1 2.00 2.00 1.00 275.00
0.00 1.00 4114451.00 665015.50 -0.73 0.51 5.50 1 2.00 2.00 1.00 276.00
0.00 1.00 4114499.50 665165.00 -0.95 0.23 15.75 1 2.00 6.00 1.00 277.00
0.00 1.00 4114482.00 665182.50 -0.99 0.25 16.50 1 2.00 6.00 1.00 278.00
0.00 1.00 4114464.50 665165.00 -0.99 0.32 21.50 1 2.00 6.00 1.00 279.00
0.00 1.00 4114482.00 665147.50 -0.93 0.30 18.75 1 2.00 6.00 1.00 280.00
0.00 1.00 4114375.50 665238.00 -0.79 0.49 12.50 1 2.00 4.00 1.00 281.00
0.00 1.00 4114358.00 665255.50 -0.92 0.51 9.50 1 2.00 2.00 1.00 282.00
1.00 1.00 4114340.50 665238.00 -0.97 0.54 8.25 1 2.00 2.00 1.00 283.00
0.00 1.00 4114358.00 665220.50 -0.77 0.52 12.50 1 2.00 2.00 1.00 284.00
1.00 1.00 4114259.50 665391.00 -0.83 0.31 14.75 1 2.00 6.00 1.00 285.00
0.00 1.00 4114242.00 665408.50 -0.97 0.34 16.75 1 2.00 6.00 1.00 286.00
0.00 1.00 4114224.50 665391.00 -0.98 0.41 14.75 1 2.00 4.00 1.00 287.00
1.00 1.00 4114242.00 665373.50 -0.85 0.37 20.50 1 2.00 6.00 1.00 288.00
0.00 1.00 4114216.50 665589.00 -0.75 0.34 8.75 1 2.00 2.00 1.00 289.00
0.00 1.00 4114199.00 665606.50 -0.97 0.35 7.75 1 2.00 2.00 1.00 290.00
0.00 1.00 4114181.50 665589.00 -0.96 0.39 7.00 1 2.00 2.00 1.00 291.00
0.00 1.00 4114199.00 665571.50 -0.83 0.37 10.75 1 2.00 2.00 1.00 292.00
0.00 1.00 4114664.50 665127.00 0.73 0.10 9.75 0 4.00 5.00 1.00 293.00
0.00 1.00 4114647.00 665144.50 0.81 0.09 8.25 0 4.00 12.00 1.00 294.00
0.00 1.00 4114629.50 665127.00 -0.93 0.11 9.50 0 2.00 12.00 1.00 295.00
0.00 1.00 4114647.00 665109.50 -0.28 0.10 4.00 0 2.00 12.00 1.00 296.00
0.00 1.00 4115111.50 665564.00 0.27 0.09 2.75 0 4.00 12.00 1.00 297.00
0.00 1.00 4115094.00 665581.50 0.29 0.09 3.50 0 4.00 12.00 1.00 298.00
1.00 1.00 4115076.50 665564.00 -0.62 0.09 6.50 0 4.00 12.00 1.00 299.00
1.00 1.00 4115094.00 665546.50 -0.86 0.12 12.25 0 4.00 6.00 1.00 300.00
1.00 1.00 4116028.50 666300.00 -0.59 0.01 6.50 0 4.00 8.00 1.00 301.00
1.00 1.00 4116011.00 666317.50 -0.63 0.01 8.75 0 4.00 6.00 1.00 302.00
1.00 1.00 4115993.50 666300.00 -0.57 0.04 14.25 0 4.00 6.00 1.00 303.00
1.00 1.00 4116011.00 666282.50 -0.69 0.03 10.00 0 4.00 8.00 1.00 304.00
0.00 0.00 4115162.50 663594.00 0.89 0.47 20.00 1 2.00 5.00 2.00 1.00
0.00 0.00 4115145.00 663611.50 0.80 0.45 23.00 0 2.00 5.00 2.00 2.00
0.00 0.00 4115127.50 663594.00 0.82 0.41 24.00 0 2.00 5.00 2.00 3.00
0.00 0.00 4115145.00 663576.50 0.94 0.42 23.50 0 2.00 5.00 2.00 4.00
0.00 1.00 4114992.50 663635.00 -0.29 0.50 21.75 1 2.00 8.00 2.00 5.00
0.00 1.00 4114975.00 663652.50 -0.51 0.54 22.00 1 2.00 6.00 2.00 6.00
0.00 1.00 4114957.50 663635.00 -0.43 0.57 25.75 1 2.00 6.00 2.00 7.00
0.00 1.00 4114975.00 663617.50 -0.36 0.50 25.50 1 2.00 6.00 2.00 8.00
0.00 0.00 4114937.50 664148.00 0.77 0.91 17.75 1 2.00 3.00 2.00 9.00
0.00 0.00 4114920.00 664165.50 0.82 0.87 22.75 1 2.00 3.00 2.00 10.00
0.00 0.00 4114902.50 664148.00 0.77 0.82 25.25 1 2.00 3.00 2.00 11.00
0.00 0.00 4114920.00 664130.50 0.74 0.86 22.75 1 2.00 3.00 2.00 12.00
0.00 0.00 4115033.50 664005.00 0.39 0.99 4.25 1 2.00 2.00 2.00 13.00
0.00 0.00 4115016.00 664022.50 0.97 1.00 1.00 1 2.00 1.00 2.00 14.00
0.00 0.00 4114998.50 664005.00 0.96 0.99 2.50 1 2.00 1.00 2.00 15.00
0.00 1.00 4115016.00 663987.50 0.42 0.99 9.00 1 2.00 2.00 2.00 16.00
0.00 0.00 4114873.50 663909.00 0.95 0.91 4.50 1 2.00 2.00 2.00 17.00
0.00 0.00 4114856.00 663926.50 0.49 0.90 9.00 1 2.00 2.00 2.00 18.00
0.00 0.00 4114838.50 663909.00 0.69 0.89 7.50 1 2.00 2.00 2.00 19.00
1.00 0.00 4114856.00 663891.50 0.98 0.90 8.00 1 2.00 2.00 2.00 20.00
0.00 0.00 4114688.50 663700.00 0.99 0.44 20.75 0 2.00 5.00 2.00 21.00
0.00 1.00 4114671.00 663717.50 0.97 0.44 23.50 0 2.00 5.00 2.00 22.00
0.00 1.00 4114653.50 663700.00 0.96 0.37 20.25 0 2.00 5.00 2.00 23.00
0.00 0.00 4114671.00 663682.50 0.99 0.39 22.50 0 2.00 5.00 2.00 24.00
0.00 0.00 4114588.50 664103.00 0.64 0.46 19.50 1 2.00 7.00 2.00 25.00
0.00 0.00 4114571.00 664120.50 0.50 0.49 19.00 1 2.00 7.00 2.00 26.00
0.00 1.00 4114553.50 664103.00 0.04 0.49 19.50 1 2.00 7.00 2.00 27.00
0.00 1.00 4114571.00 664085.50 0.33 0.44 19.25 1 2.00 7.00 2.00 28.00
0.00 0.00 4114605.50 664394.00 0.53 0.69 16.50 1 2.00 3.00 2.00 29.00
0.00 0.00 4114588.00 664411.50 0.41 0.66 17.75 1 2.00 3.00 2.00 30.00
0.00 0.00 4114570.50 664394.00 0.66 0.63 18.50 1 2.00 3.00 2.00 31.00
0.00 0.00 4114588.00 664376.50 0.85 0.66 19.25 1 2.00 3.00 2.00 32.00
0.00 1.00 4114477.50 664446.00 -0.94 0.56 18.25 1 2.00 4.00 2.00 33.00
0.00 1.00 4114460.00 664463.50 -0.99 0.57 16.50 1 2.00 4.00 2.00 34.00
0.00 1.00 4114442.50 664446.00 -0.99 0.61 12.00 1 2.00 2.00 2.00 35.00
0.00 1.00 4114460.00 664428.50 -0.96 0.61 14.50 1 2.00 4.00 2.00 36.00
0.00 0.00 4115191.50 663744.00 0.99 0.74 24.00 1 2.00 3.00 2.00 37.00
0.00 0.00 4115174.00 663761.50 0.99 0.72 24.50 1 2.00 3.00 2.00 38.00
0.00 0.00 4115156.50 663744.00 0.99 0.69 25.25 1 2.00 3.00 2.00 39.00
0.00 0.00 4115174.00 663726.50 0.99 0.67 23.50 1 2.00 3.00 2.00 40.00
0.00 0.00 4114377.50 664478.00 -0.01 0.57 18.50 1 2.00 4.00 2.00 41.00
0.00 1.00 4114360.00 664495.50 -0.10 0.51 23.00 1 2.00 6.00 2.00 42.00
0.00 1.00 4114342.50 664478.00 0.18 0.51 19.50 1 2.00 6.00 2.00 43.00
0.00 1.00 4114360.00 664460.50 0.31 0.56 19.75 1 2.00 4.00 2.00 44.00
1.00 1.00 4114353.50 664107.00 -0.30 0.48 15.75 1 2.00 5.00 2.00 45.00
1.00 1.00 4114336.00 664124.50 -0.36 0.52 18.50 1 2.00 5.00 2.00 46.00
1.00 1.00 4114318.50 664107.00 -0.08 0.54 18.00 1 2.00 5.00 2.00 47.00
0.00 1.00 4114336.00 664089.50 -0.03 0.49 17.00 1 2.00 5.00 2.00 48.00
1.00 1.00 4114348.50 663992.00 -0.99 0.39 21.00 1 2.00 6.00 2.00 49.00
1.00 1.00 4114331.00 664009.50 -0.96 0.40 16.50 1 2.00 6.00 2.00 50.00
1.00 1.00 4114313.50 663992.00 -0.99 0.44 16.00 1 2.00 6.00 2.00 51.00
1.00 1.00 4114331.00 663974.50 -0.98 0.44 19.00 1 2.00 6.00 2.00 52.00
1.00 1.00 4114366.50 663865.00 0.03 0.35 12.75 0 2.00 6.00 2.00 53.00
0.00 1.00 4114349.00 663882.50 0.06 0.38 13.50 0 2.00 6.00 2.00 54.00
1.00 1.00 4114331.50 663865.00 0.28 0.38 16.00 0 2.00 5.00 2.00 55.00
0.00 1.00 4114349.00 663847.50 0.37 0.35 13.00 0 2.00 5.00 2.00 56.00
0.00 0.00 4114037.50 664297.00 0.98 0.70 23.25 1 2.00 3.00 2.00 57.00
0.00 1.00 4114020.00 664314.50 0.96 0.69 22.75 1 2.00 3.00 2.00 58.00
0.00 0.00 4114002.50 664297.00 0.99 0.61 24.25 1 2.00 3.00 2.00 59.00
0.00 1.00 4114020.00 664279.50 0.86 0.63 22.75 1 2.00 3.00 2.00 60.00
1.00 1.00 4113876.50 663999.00 -0.96 0.56 24.00 1 2.00 6.00 2.00 61.00
1.00 1.00 4113859.00 664016.50 -0.98 0.55 23.75 1 2.00 6.00 2.00 62.00
1.00 1.00 4113841.50 663999.00 -0.88 0.62 25.25 1 2.00 6.00 2.00 63.00
1.00 1.00 4113859.00 663981.50 -0.98 0.64 24.50 1 2.00 6.00 2.00 64.00
0.00 1.00 4113950.50 664035.00 -0.15 0.58 19.75 1 2.00 5.00 2.00 65.00
0.00 1.00 4113933.00 664052.50 -0.12 0.54 16.50 1 2.00 5.00 2.00 66.00
0.00 1.00 4113915.50 664035.00 0.04 0.55 23.00 1 2.00 5.00 2.00 67.00
0.00 1.00 4113933.00 664017.50 -0.06 0.60 20.00 1 2.00 5.00 2.00 68.00
0.00 0.00 4113917.50 663850.00 0.18 0.84 8.50 1 2.00 2.00 2.00 69.00
0.00 0.00 4113900.00 663867.50 -1.75e-16 0.81 10.75 1 2.00 2.00 2.00 70.00
0.00 0.00 4113882.50 663850.00 0.77 0.79 20.50 1 2.00 3.00 2.00 71.00
0.00 1.00 4113900.00 663832.50 0.91 0.82 15.50 1 2.00 3.00 2.00 72.00
1.00 1.00 4114045.50 663786.00 -0.54 0.82 9.00 1 2.00 2.00 2.00 73.00
1.00 0.00 4114028.00 663803.50 -0.74 0.83 7.50 1 2.00 2.00 2.00 74.00
0.00 0.00 4114010.50 663786.00 -0.26 0.85 5.75 1 2.00 2.00 2.00 75.00
0.00 0.00 4114028.00 663768.50 0.26 0.82 10.75 1 2.00 2.00 2.00 76.00
0.00 1.00 4114017.50 663623.00 -0.26 0.59 23.00 1 2.00 6.00 2.00 77.00
0.00 1.00 4114000.00 663640.50 -0.05 0.66 22.25 1 2.00 8.00 2.00 78.00
0.00 1.00 4113982.50 663623.00 -0.53 0.67 20.50 1 2.00 8.00 2.00 79.00
0.00 1.00 4114000.00 663605.50 -0.70 0.62 21.00 1 2.00 6.00 2.00 80.00
0.00 1.00 4114189.50 663644.00 0.32 0.51 16.75 1 2.00 7.00 2.00 81.00
0.00 1.00 4114172.00 663661.50 0.41 0.53 19.00 1 2.00 5.00 2.00 82.00
0.00 0.00 4114154.50 663644.00 0.43 0.53 17.75 1 2.00 7.00 2.00 83.00
0.00 0.00 4114172.00 663626.50 0.41 0.49 18.00 1 2.00 7.00 2.00 84.00
0.00 1.00 4114396.50 663611.00 0.06 0.25 12.00 0 2.00 9.00 2.00 85.00
1.00 1.00 4114379.00 663628.50 -0.18 0.29 10.50 0 2.00 9.00 2.00 86.00
1.00 1.00 4114361.50 663611.00 0.03 0.29 12.50 0 2.00 9.00 2.00 87.00
1.00 1.00 4114379.00 663593.50 0.13 0.26 14.50 0 2.00 6.00 2.00 88.00
1.00 1.00 4113767.50 663703.00 -0.73 0.64 22.50 1 2.00 4.00 2.00 89.00
1.00 1.00 4113750.00 663720.50 -0.90 0.63 20.00 1 2.00 4.00 2.00 90.00
0.00 0.00 4113732.50 663703.00 -0.67 0.67 22.00 1 2.00 4.00 2.00 91.00
1.00 1.00 4113750.00 663685.50 -0.88 0.69 21.50 1 2.00 4.00 2.00 92.00
0.00 0.00 4113840.50 663754.00 0.63 0.67 24.25 1 2.00 3.00 2.00 93.00
0.00 1.00 4113823.00 663771.50 0.83 0.62 21.50 1 2.00 3.00 2.00 94.00
0.00 1.00 4113805.50 663754.00 0.62 0.58 19.50 1 2.00 3.00 2.00 95.00
1.00 1.00 4113823.00 663736.50 0.13 0.64 26.25 1 2.00 3.00 2.00 96.00
1.00 1.00 4113996.50 664977.00 -0.84 0.49 12.25 1 2.00 9.00 2.00 97.00
1.00 1.00 4113979.00 664994.50 -0.65 0.46 15.75 1 2.00 6.00 2.00 98.00
1.00 1.00 4113961.50 664977.00 -0.89 0.49 14.50 1 2.00 4.00 2.00 99.00
0.00 1.00 4113979.00 664959.50 -0.80 0.52 16.50 1 2.00 4.00 2.00 100.00
0.00 1.00 4114148.50 664866.00 -0.17 0.45 15.75 1 2.00 9.00 2.00 101.00
1.00 1.00 4114131.00 664883.50 0.12 0.40 10.50 1 2.00 6.00 2.00 102.00
0.00 1.00 4114113.50 664866.00 -0.41 0.40 7.50 1 2.00 6.00 2.00 103.00
0.00 1.00 4114131.00 664848.50 0.12 0.45 22.00 1 2.00 6.00 2.00 104.00
0.00 1.00 4114335.50 664669.00 -0.91 0.45 22.50 1 2.00 6.00 2.00 105.00
0.00 1.00 4114318.00 664686.50 -0.91 0.46 24.00 1 2.00 6.00 2.00 106.00
0.00 1.00 4114300.50 664669.00 -0.77 0.52 16.00 1 2.00 6.00 2.00 107.00
0.00 1.00 4114318.00 664651.50 -0.57 0.49 16.50 1 2.00 6.00 2.00 108.00
1.00 1.00 4113417.50 665316.00 -0.94 0.33 10.25 1 2.00 6.00 2.00 109.00
1.00 1.00 4113400.00 665333.50 -0.95 0.34 11.75 1 2.00 6.00 2.00 110.00
1.00 1.00 4113382.50 665316.00 -0.93 0.37 14.00 1 2.00 9.00 2.00 111.00
1.00 1.00 4113400.00 665298.50 -0.95 0.35 14.50 1 2.00 6.00 2.00 112.00
1.00 0.00 4113316.50 665131.00 -0.88 0.32 13.75 0 2.00 6.00 2.00 113.00
1.00 1.00 4113299.00 665148.50 -0.83 0.30 14.00 0 2.00 6.00 2.00 114.00
1.00 1.00 4113281.50 665131.00 -0.57 0.34 17.25 0 2.00 6.00 2.00 115.00
1.00 1.00 4113299.00 665113.50 -0.92 0.35 17.50 1 2.00 6.00 2.00 116.00
0.00 0.00 4113324.50 665037.00 0.36 0.45 9.00 1 2.00 9.00 2.00 117.00
0.00 1.00 4113307.00 665054.50 -0.42 0.44 10.75 1 2.00 9.00 2.00 118.00
0.00 0.00 4113289.50 665037.00 0.91 0.43 13.75 1 2.00 9.00 2.00 119.00
0.00 1.00 4113307.00 665019.50 0.98 0.43 19.25 1 2.00 9.00 2.00 120.00
0.00 1.00 4113364.50 664920.00 0.92 0.34 21.25 0 2.00 5.00 2.00 121.00
0.00 1.00 4113347.00 664937.50 0.97 0.37 22.00 0 2.00 5.00 2.00 122.00
1.00 1.00 4113329.50 664920.00 0.99 0.31 22.00 0 2.00 5.00 2.00 123.00
0.00 1.00 4113347.00 664902.50 0.94 0.30 21.00 0 2.00 5.00 2.00 124.00
0.00 1.00 4113228.50 665308.00 0.87 0.41 3.00 1 2.00 9.00 2.00 125.00
0.00 0.00 4113211.00 665325.50 0.51 0.40 6.00 1 2.00 9.00 2.00 126.00
0.00 1.00 4113193.50 665308.00 0.70 0.38 13.50 1 2.00 9.00 2.00 127.00
0.00 0.00 4113211.00 665290.50 0.97 0.40 6.25 1 2.00 9.00 2.00 128.00
1.00 1.00 4113543.50 665826.00 -0.78 0.22 17.75 0 2.00 6.00 2.00 129.00
1.00 1.00 4113526.00 665843.50 -0.78 0.19 18.75 0 2.00 6.00 2.00 130.00
1.00 1.00 4113508.50 665826.00 -0.71 0.22 15.25 0 2.00 6.00 2.00 131.00
0.00 1.00 4113526.00 665808.50 -0.68 0.25 15.50 0 2.00 6.00 2.00 132.00
0.00 1.00 4113660.50 665623.00 -0.14 0.44 8.00 1 2.00 2.00 2.00 133.00
0.00 1.00 4113643.00 665640.50 -0.47 0.43 5.50 1 2.00 9.00 2.00 134.00
0.00 0.00 4113625.50 665623.00 0.83 0.43 7.00 1 2.00 2.00 2.00 135.00
0.00 1.00 4113643.00 665605.50 0.88 0.43 9.00 1 2.00 2.00 2.00 136.00
0.00 1.00 4113473.50 666019.00 0.99 0.18 20.00 0 4.00 5.00 2.00 137.00
1.00 1.00 4113456.00 666036.50 0.99 0.19 21.50 0 4.00 5.00 2.00 138.00
1.00 1.00 4113438.50 666019.00 0.99 0.14 19.50 0 4.00 5.00 2.00 139.00
1.00 1.00 4113456.00 666001.50 0.99 0.13 17.00 0 4.00 5.00 2.00 140.00
0.00 1.00 4113412.50 666260.00 0.37 0.27 14.75 1 4.00 5.00 2.00 141.00
0.00 1.00 4113395.00 666277.50 0.74 0.30 12.00 1 4.00 5.00 2.00 142.00
1.00 1.00 4113377.50 666260.00 0.79 0.27 12.00 1 4.00 5.00 2.00 143.00
1.00 1.00 4113395.00 666242.50 0.55 0.25 15.00 1 4.00 5.00 2.00 144.00
0.00 0.00 4112991.50 665453.00 0.14 0.26 13.50 0 2.00 9.00 2.00 145.00
0.00 0.00 4112974.00 665470.50 0.38 0.23 18.50 0 2.00 5.00 2.00 146.00
0.00 0.00 4112956.50 665453.00 0.66 0.21 20.50 0 2.00 5.00 2.00 147.00
0.00 0.00 4112974.00 665435.50 0.70 0.23 21.75 0 2.00 5.00 2.00 148.00
0.00 0.00 4113042.50 665341.00 0.94 0.26 17.00 0 2.00 5.00 2.00 149.00
0.00 1.00 4113025.00 665358.50 0.99 0.28 16.00 0 2.00 5.00 2.00 150.00
0.00 0.00 4113007.50 665341.00 0.99 0.24 17.50 0 2.00 5.00 2.00 151.00
1.00 0.00 4113025.00 665323.50 0.95 0.24 17.50 0 2.00 5.00 2.00 152.00
1.00 1.00 4113077.50 665394.00 0.34 0.34 4.00 1 2.00 9.00 2.00 153.00
1.00 0.00 4113060.00 665411.50 -0.06 0.33 7.25 1 2.00 9.00 2.00 154.00
0.00 0.00 4113042.50 665394.00 0.68 0.32 7.50 1 2.00 9.00 2.00 155.00
0.00 0.00 4113060.00 665376.50 0.99 0.33 9.50 1 2.00 9.00 2.00 156.00
1.00 0.00 4112816.50 665111.00 0.71 0.01 4.75 0 2.00 13.00 2.00 157.00
0.00 0.00 4112799.00 665128.50 0.04 5.617978e-03 3.50 0 2.00 13.00 2.00 158.00
0.00 0.00 4112781.50 665111.00 -0.97 0.01 9.00 0 2.00 13.00 2.00 159.00
1.00 0.00 4112799.00 665093.50 -0.97 0.01 6.50 0 2.00 13.00 2.00 160.00
1.00 0.00 4112876.50 665257.00 -0.26 0.01 3.00 0 2.00 13.00 2.00 161.00
1.00 0.00 4112859.00 665274.50 0.69 9.831461e-03 3.00 0 2.00 13.00 2.00 162.00
0.00 1.00 4112841.50 665257.00 0.13 7.022472e-03 4.25 0 2.00 13.00 2.00 163.00
1.00 1.00 4112859.00 665239.50 -0.18 0.02 6.75 0 2.00 13.00 2.00 164.00
0.00 0.00 4112966.50 665060.00 0.97 0.14 20.00 0 2.00 5.00 2.00 165.00
0.00 0.00 4112949.00 665077.50 0.99 0.15 16.75 0 2.00 5.00 2.00 166.00
0.00 0.00 4112931.50 665060.00 0.98 0.08 28.25 0 2.00 5.00 2.00 167.00
0.00 0.00 4112949.00 665042.50 0.99 0.08 27.00 0 2.00 5.00 2.00 168.00
0.00 1.00 4112532.50 664967.00 -0.96 0.11 12.00 0 2.00 9.00 2.00 169.00
0.00 1.00 4112515.00 664984.50 -0.97 0.11 11.00 0 2.00 9.00 2.00 170.00
0.00 1.00 4112497.50 664967.00 -0.88 0.13 4.25 0 2.00 9.00 2.00 171.00
1.00 0.00 4112515.00 664949.50 -0.98 0.13 4.00 0 2.00 9.00 2.00 172.00
1.00 1.00 4112870.50 664876.00 -0.59 0.31 17.00 1 2.00 6.00 2.00 173.00
1.00 1.00 4112853.00 664893.50 -0.64 0.27 18.25 0 2.00 6.00 2.00 174.00
1.00 1.00 4112835.50 664876.00 -0.45 0.30 10.50 1 2.00 9.00 2.00 175.00
0.00 1.00 4112853.00 664858.50 0.27 0.33 11.25 1 2.00 9.00 2.00 176.00
1.00 1.00 4112617.50 665300.00 0.80 0.07 16.75 0 2.00 5.00 2.00 177.00
0.00 0.00 4112600.00 665317.50 0.73 0.10 14.00 0 2.00 5.00 2.00 178.00
0.00 1.00 4112582.50 665300.00 0.87 0.07 14.25 0 2.00 7.00 2.00 179.00
0.00 1.00 4112600.00 665282.50 0.57 0.05 16.00 0 2.00 5.00 2.00 180.00
0.00 1.00 4112774.50 665818.00 8.724874e-03 0.28 16.50 1 2.00 6.00 2.00 181.00
1.00 1.00 4112757.00 665835.50 0.04 0.32 19.25 1 2.00 6.00 2.00 182.00
1.00 1.00 4112739.50 665818.00 6.07e-17 0.32 19.50 1 2.00 6.00 2.00 183.00
1.00 1.00 4112757.00 665800.50 -0.09 0.27 15.00 1 2.00 8.00 2.00 184.00
1.00 1.00 4112668.50 665600.00 -0.74 0.22 19.75 0 2.00 8.00 2.00 185.00
0.00 1.00 4112651.00 665617.50 -0.70 0.26 16.50 0 2.00 8.00 2.00 186.00
1.00 1.00 4112633.50 665600.00 -0.69 0.30 20.75 1 2.00 6.00 2.00 187.00
1.00 1.00 4112651.00 665582.50 -0.59 0.26 16.50 0 2.00 8.00 2.00 188.00
0.00 1.00 4112558.50 665789.00 0.51 0.33 9.50 1 2.00 7.00 2.00 189.00
1.00 0.00 4112541.00 665806.50 0.13 0.30 17.00 1 2.00 7.00 2.00 190.00
1.00 1.00 4112523.50 665789.00 0.53 0.28 18.50 1 2.00 7.00 2.00 191.00
1.00 1.00 4112541.00 665771.50 0.77 0.31 11.25 1 2.00 7.00 2.00 192.00
1.00 0.00 4112530.50 665601.00 -0.43 0.43 5.75 1 2.00 2.00 2.00 193.00
1.00 0.00 4112513.00 665618.50 -0.87 0.44 5.00 1 2.00 2.00 2.00 194.00
1.00 0.00 4112495.50 665601.00 -0.94 0.44 3.00 1 2.00 1.00 2.00 195.00
1.00 0.00 4112513.00 665583.50 -0.39 0.44 5.25 1 2.00 2.00 2.00 196.00
0.00 1.00 4113162.50 666124.00 0.70 0.42 10.00 1 4.00 2.00 2.00 197.00
1.00 0.00 4113145.00 666141.50 0.74 0.43 10.00 1 4.00 2.00 2.00 198.00
1.00 1.00 4113127.50 666124.00 0.82 0.41 11.50 1 4.00 2.00 2.00 199.00
1.00 1.00 4113145.00 666106.50 0.81 0.39 10.50 1 4.00 2.00 2.00 200.00
0.00 1.00 4113316.50 666067.00 -0.18 0.30 15.00 1 4.00 8.00 2.00 201.00
1.00 1.00 4113299.00 666084.50 -0.17 0.33 10.00 1 4.00 9.00 2.00 202.00
1.00 1.00 4113281.50 666067.00 -0.02 0.33 10.75 1 4.00 9.00 2.00 203.00
1.00 1.00 4113299.00 666049.50 -8.726203e-03 0.30 14.25 1 4.00 6.00 2.00 204.00
1.00 1.00 4113182.50 666195.00 -0.41 0.45 6.00 1 4.00 1.00 2.00 205.00
1.00 0.00 4113165.00 666212.50 -0.58 0.46 5.00 1 4.00 1.00 2.00 206.00
1.00 0.00 4113147.50 666195.00 -0.22 0.47 4.50 1 4.00 1.00 2.00 207.00
1.00 0.00 4113165.00 666177.50 0.06 0.45 6.00 1 4.00 1.00 2.00 208.00
0.00 0.00 4113150.50 666366.00 0.43 0.42 16.75 1 4.00 3.00 2.00 209.00
0.00 1.00 4113133.00 666383.50 0.51 0.37 16.75 1 4.00 3.00 2.00 210.00
1.00 1.00 4113115.50 666366.00 0.39 0.36 17.00 1 4.00 3.00 2.00 211.00
0.00 0.00 4113133.00 666348.50 0.59 0.39 16.50 1 4.00 3.00 2.00 212.00
0.00 1.00 4113016.50 666507.00 0.27 0.27 8.00 1 4.00 9.00 2.00 213.00
0.00 1.00 4112999.00 666524.50 0.48 0.25 8.75 1 4.00 6.00 2.00 214.00
0.00 0.00 4112981.50 666507.00 0.46 0.24 13.25 1 4.00 9.00 2.00 215.00
0.00 1.00 4112999.00 666489.50 0.64 0.26 8.75 1 4.00 9.00 2.00 216.00
0.00 1.00 4113297.50 666624.00 -0.91 0.34 15.00 1 4.00 9.00 2.00 217.00
0.00 1.00 4113280.00 666641.50 -0.58 0.33 11.50 1 4.00 9.00 2.00 218.00
0.00 1.00 4113262.50 666624.00 -0.37 0.33 10.50 1 4.00 9.00 2.00 219.00
0.00 1.00 4113280.00 666606.50 -0.38 0.36 9.50 1 4.00 9.00 2.00 220.00
0.00 1.00 4113373.50 666795.00 0.49 0.39 13.75 1 4.00 2.00 2.00 221.00
0.00 1.00 4113356.00 666812.50 0.25 0.36 13.00 1 4.00 3.00 2.00 222.00
0.00 0.00 4113338.50 666795.00 0.62 0.35 12.50 1 4.00 5.00 2.00 223.00
0.00 1.00 4113356.00 666777.50 0.89 0.36 14.50 1 4.00 3.00 2.00 224.00
0.00 1.00 4113476.50 666836.00 -0.69 0.44 6.00 1 4.00 2.00 2.00 225.00
1.00 1.00 4113459.00 666853.50 -0.52 0.44 2.25 1 4.00 2.00 2.00 226.00
0.00 1.00 4113441.50 666836.00 0.34 0.44 2.25 1 4.00 1.00 2.00 227.00
0.00 1.00 4113459.00 666818.50 -0.90 0.44 2.75 1 4.00 1.00 2.00 228.00
0.00 1.00 4113569.50 667063.00 0.99 0.26 17.50 1 4.00 9.00 2.00 229.00
0.00 1.00 4113552.00 667080.50 0.99 0.26 16.25 1 4.00 9.00 2.00 230.00
0.00 1.00 4113534.50 667063.00 0.99 0.20 20.50 0 4.00 5.00 2.00 231.00
1.00 1.00 4113552.00 667045.50 0.92 0.21 15.75 0 4.00 5.00 2.00 232.00
1.00 1.00 4113627.50 666743.00 -0.87 0.35 10.00 1 4.00 6.00 2.00 233.00
1.00 1.00 4113610.00 666760.50 -0.94 0.35 12.50 1 4.00 6.00 2.00 234.00
0.00 1.00 4113592.50 666743.00 -0.93 0.38 11.00 1 4.00 4.00 2.00 235.00
1.00 1.00 4113610.00 666725.50 -0.97 0.38 11.00 1 4.00 4.00 2.00 236.00
1.00 1.00 4113702.50 666891.00 0.27 0.38 5.00 1 4.00 9.00 2.00 237.00
0.00 1.00 4113685.00 666908.50 0.38 0.37 6.00 1 4.00 9.00 2.00 238.00
0.00 1.00 4113667.50 666891.00 0.74 0.35 10.00 1 4.00 9.00 2.00 239.00
1.00 1.00 4113685.00 666873.50 0.68 0.37 8.50 1 4.00 9.00 2.00 240.00
0.00 1.00 4113513.50 666710.00 -0.87 0.47 5.25 1 4.00 2.00 2.00 241.00
1.00 1.00 4113496.00 666727.50 -0.99 0.48 4.00 1 4.00 1.00 2.00 242.00
1.00 0.00 4113478.50 666710.00 0.75 0.48 4.00 1 4.00 1.00 2.00 243.00
0.00 1.00 4113496.00 666692.50 -0.06 0.48 0.00 1 4.00 1.00 2.00 244.00
0.00 1.00 4113759.50 666447.00 0.62 0.49 10.50 1 4.00 2.00 2.00 245.00
0.00 1.00 4113742.00 666464.50 0.99 0.50 12.50 1 4.00 2.00 2.00 246.00
0.00 1.00 4113724.50 666447.00 0.97 0.46 13.75 1 4.00 2.00 2.00 247.00
0.00 1.00 4113742.00 666429.50 0.98 0.46 12.00 1 4.00 2.00 2.00 248.00
1.00 1.00 4113822.50 666369.00 -0.28 0.37 14.75 1 4.00 3.00 2.00 249.00
1.00 1.00 4113805.00 666386.50 -0.29 0.41 14.25 1 4.00 3.00 2.00 250.00
0.00 1.00 4113787.50 666369.00 -0.11 0.41 12.00 1 4.00 2.00 2.00 251.00
1.00 1.00 4113805.00 666351.50 -0.25 0.38 15.00 1 4.00 4.00 2.00 252.00
0.00 1.00 4113937.50 666289.00 0.88 0.41 5.00 1 4.00 1.00 2.00 253.00
0.00 1.00 4113920.00 666306.50 0.94 0.41 8.25 1 4.00 2.00 2.00 254.00
0.00 1.00 4113902.50 666289.00 0.86 0.39 13.00 1 4.00 2.00 2.00 255.00
1.00 1.00 4113920.00 666271.50 0.98 0.40 7.50 1 4.00 2.00 2.00 256.00
1.00 1.00 4113971.50 666858.00 -0.91 0.21 15.00 0 4.00 9.00 2.00 257.00
1.00 1.00 4113954.00 666875.50 -0.96 0.21 15.25 0 4.00 9.00 2.00 258.00
0.00 1.00 4113936.50 666858.00 -0.98 0.24 13.25 1 4.00 9.00 2.00 259.00
1.00 1.00 4113954.00 666840.50 -0.76 0.24 14.75 0 4.00 9.00 2.00 260.00
0.00 0.00 4112925.50 666194.00 0.42 0.09 26.00 0 4.00 7.00 2.00 261.00
0.00 0.00 4112908.00 666211.50 0.39 0.04 26.00 0 4.00 7.00 2.00 262.00
0.00 1.00 4112890.50 666194.00 0.06 0.01 19.75 0 2.00 7.00 2.00 263.00
0.00 0.00 4112908.00 666176.50 0.02 0.09 26.75 0 2.00 7.00 2.00 264.00
1.00 1.00 4114040.50 665433.00 -0.84 0.61 3.50 1 2.00 1.00 2.00 265.00
0.00 1.00 4114023.00 665450.50 -0.76 0.61 5.75 1 2.00 2.00 2.00 266.00
0.00 0.00 4114005.50 665433.00 0.97 0.61 9.00 1 2.00 2.00 2.00 267.00
0.00 1.00 4114023.00 665415.50 0.95 0.61 8.25 1 2.00 2.00 2.00 268.00
0.00 0.00 4113840.50 665580.00 -0.67 0.56 9.25 1 2.00 2.00 2.00 269.00
1.00 1.00 4113823.00 665597.50 -0.41 0.54 10.75 1 2.00 2.00 2.00 270.00
0.00 0.00 4113805.50 665580.00 -0.09 0.55 9.50 1 2.00 2.00 2.00 271.00
0.00 0.00 4113823.00 665562.50 -0.02 0.56 6.50 1 2.00 2.00 2.00 272.00
0.00 1.00 4113984.50 665301.00 0.96 0.39 20.50 1 2.00 5.00 2.00 273.00
0.00 0.00 4113967.00 665318.50 0.98 0.41 19.00 1 2.00 5.00 2.00 274.00
1.00 1.00 4113949.50 665301.00 0.98 0.36 18.00 1 2.00 5.00 2.00 275.00
0.00 1.00 4113967.00 665283.50 0.96 0.36 17.00 1 2.00 5.00 2.00 276.00
0.00 1.00 4114097.50 665261.00 0.82 0.49 23.00 1 2.00 3.00 2.00 277.00
0.00 1.00 4114080.00 665278.50 0.96 0.51 16.00 1 2.00 3.00 2.00 278.00
0.00 0.00 4114062.50 665261.00 0.92 0.48 15.50 1 2.00 3.00 2.00 279.00
0.00 1.00 4114080.00 665243.50 0.70 0.46 20.25 1 2.00 3.00 2.00 280.00
1.00 1.00 4114092.50 665912.00 -0.66 0.19 10.50 0 4.00 6.00 2.00 281.00
1.00 1.00 4114075.00 665929.50 -0.64 0.17 11.00 0 4.00 6.00 2.00 282.00
0.00 1.00 4114057.50 665912.00 -0.40 0.19 9.50 0 4.00 9.00 2.00 283.00
1.00 1.00 4114075.00 665894.50 -0.43 0.20 9.00 0 4.00 9.00 2.00 284.00
1.00 1.00 4113903.50 665816.00 -0.96 0.33 13.50 1 2.00 9.00 2.00 285.00
1.00 1.00 4113886.00 665833.50 -0.80 0.31 12.75 1 2.00 9.00 2.00 286.00
0.00 1.00 4113868.50 665816.00 -0.71 0.34 13.50 1 2.00 9.00 2.00 287.00
1.00 1.00 4113886.00 665798.50 -0.91 0.37 12.00 1 2.00 9.00 2.00 288.00
0.00 1.00 4114251.50 666199.00 -0.11 0.32 16.00 1 4.00 8.00 2.00 289.00
0.00 1.00 4114234.00 666216.50 -0.21 0.35 11.00 1 4.00 8.00 2.00 290.00
0.00 1.00 4114216.50 666199.00 -0.09 0.35 10.25 1 4.00 7.00 2.00 291.00
0.00 1.00 4114234.00 666181.50 -0.11 0.32 16.75 1 4.00 8.00 2.00 292.00
